30.0000000 42.4264069 42.4264069 0.2670131
29.0000458 41.0760663 40.9486479 0.3161372
28.0001884 39.7330458 39.4643582 0.3780741
27.0004770 38.3991769 37.9720929 0.4576540
26.0009882 37.0770148 36.4698971 0.5623138
25.0018453 35.7702553 34.9550387 0.7039259
24.0032551 34.4844611 33.4235703 0.9027361
23.0055839 33.2284845 31.8695030 1.1955538
22.0095295 32.0173819 30.2832384 1.6557511
21.0165562 30.8791575 28.6482480 2.4472071
20.0301814 29.8725291 26.9334446 3.9944740
19.0606490 29.1431861 25.0738935 7.5830627
18.1468717 29.1459315 22.9245128 14.0715171
17.4026385 30.8704063 20.4621018 16.7220082
16.8502902 33.3499039 18.2593984 16.4143657
16.4364494 31.5888613 16.4672212 15.9814890
16.1534204 30.1656948 14.9937233 15.6676248
16.0101934 28.9992288 13.7683593 15.5037160
16.0308925 28.0366158 12.7448705 15.5275863
16.2624982 27.2464378 11.8943597 15.7902043
16.7913461 26.6161702 11.2018327 16.3547254
17.7791198 26.1535870 10.6654027 17.2531891
19.5426167 25.8908860 10.2973325 18.1621921
22.6841763 25.8728756 10.1193720 18.2077424
24.7229902 26.0985569 10.1406266 18.2077424
23.0819900 26.6063916 10.3899088 18.2077424
21.7366328 27.4632825 10.9173999 18.2077424
20.6424332 28.7779098 11.8058737 18.2077424
19.7703439 30.7304733 13.1936563 18.1961095
19.1034252 33.6310615 15.3208872 18.0373472
18.6302690 38.0032043 18.6110422 17.8222423
18.3481311 44.9365886 18.2404768 17.6578554
18.2694427 57.1250703 16.6935885 17.6075291
18.4279270 64.1551528 15.4462370 17.7069298
18.8886169 67.2782609 14.4506025 17.9495253
19.7646906 71.6917843 13.6800257 18.1955337
21.2359983 77.9130269 13.1226723 18.2077424
23.5788499 103.4548812 12.7728880 18.2077424
27.3691172 79.4957937 12.6348367 18.2077424
33.8860847 76.4891016 12.7256207 18.2077424
46.6193770 74.3682093 13.0787635 18.2077424
57.2180613 73.0319076 13.7510539 18.2077424
60.5183583 72.0052613 14.8353691 18.2077424
65.2027955 65.1451619 16.4853301 18.2077424
71.8281649 59.9607572 18.9657397 18.2077424
90.5949009 55.9829732 22.7658369 18.2077424
72.6273436 52.9155927 28.8893781 18.2077424
69.7203437 50.5657515 39.7554221 18.0922131
67.6629063 48.8123151 50.6024421 -0.6975847
66.6915667 48.2829612 50.1713938 -0.8361629
65.7268832 47.7649033 49.7171521 -0.9353978
64.7676669 47.2568545 49.2461338 -0.9964617
63.8125889 46.7573114 48.7643711 -1.0267165
62.8604326 46.2648927 48.2765590 -1.0346459
61.9101909 45.7784607 47.7859549 -1.0274634
60.9610721 45.2971240 47.2946459 -1.0104044
60.0124617 44.8201871 46.8039020 -0.9871138
59.0638850 44.3471034 46.3144479 -0.9599778
58.1149705 43.8774318 45.8266670 -0.9305450
57.1654232 43.4108060 45.3407338 -0.8998254
56.2150061 42.9469144 44.8566957 -0.8685308
55.2635302 42.4854893 44.3745185 -0.8370580
54.3108401 42.0262921 43.8941297 -0.8057243
53.3568111 41.5691111 43.4154298 -0.7747244
52.4013430 41.1137552 42.9383084 -0.7441984
51.4443569 40.6600514 42.4626504 -0.7142335
50.4857917 40.2078419 41.9883423 -0.6849122
49.5256033 39.7569837 41.5152719 -0.6562496
48.5637598 39.3073442 41.0433357 -0.6283186
47.6002444 38.8588048 40.5724315 -0.6010459
46.6350456 38.4112507 40.1024731 -0.5745117
45.6681658 37.9645808 39.6333742 -0.5486743
44.6996131 37.5186991 39.1650597 -0.5235737
43.7294055 37.0735201 38.6974574 -0.4992013
42.7575672 36.6289647 38.2305019 -0.4755450
41.7841277 36.1849602 37.7641345 -0.4526313
40.8091235 35.7414418 37.2982991 -0.4304067
39.8325929 35.2983477 36.8329486 -0.4089220
38.8545810 34.8556250 36.3680362 -0.3881097
37.8751332 34.4132219 35.9035237 -0.3680006
36.8942994 33.9710937 35.4393741 -0.3485558
35.9121299 33.5291982 34.9755562 -0.3297772
34.9286778 33.0874975 34.5120415 -0.3116473
33.9439967 32.6459569 34.0488048 -0.2941483
32.9581409 32.2045447 33.5858245 -0.2772749
31.9711653 31.7632323 33.1230808 -0.2609952
30.9831244 31.3219927 32.6605580 -0.2453133
29.9940730 30.8808024 32.1982414 -0.2302009
29.0040652 30.4396389 31.7361190 -0.2156518
28.0131545 29.9984825 31.2741806 -0.2016480
27.0213936 29.5573146 30.8124177 -0.1881674
26.0288339 29.1161182 30.3508239 -0.1752130
25.0355263 28.0409237 29.8893930 -0.7777896
24.0644632 26.8503061 29.3904043 -2.2393462
23.1478344 25.5452707 28.8045215 -4.8655668
22.3381449 24.0736826 28.0806124 -8.2569294
21.6977258 22.4692002 27.2244349 -10.8202705
21.2432131 20.8859088 26.3344909 -12.3952701
20.9783568 19.4325918 25.4901905 -13.1395325
20.8987085 18.1562233 24.7306168 -13.5431199
21.0208390 17.0592107 24.0648207 -13.8593346
60.6852351 16.1325665 23.4945940 -14.1221319
60.0313454 15.3684487 23.0217357 -14.2947587
59.7856123 14.7612931 22.6474499 -14.4212051
42.4214234 14.3083006 22.3750822 -14.5122201
31.9541854 14.0106853 22.2108859 -14.5755317
25.3343573 13.8745466 22.1652731 -14.6165877
20.7230426 13.9120260 22.2545080 -14.5915610
17.3111390 14.1407781 22.4979287 -12.8555951
16.2745999 25.8522073 22.7043965 4.9403134
15.2906356 25.0253687 20.7436895 8.3631174
14.3476688 21.7135397 18.5952408 4.4713936
13.7545007 21.7736484 16.9421598 10.2699190
14.0785094 19.0419894 15.0184982 7.4122214
14.1681288 18.0788475 13.4376427 9.6304162
14.8097717 16.6803450 11.8946608 10.1180950
15.9462432 15.4640321 10.4834112 8.8299052
17.3297126 14.6697150 9.2288055 11.9853995
20.9276278 13.5344801 8.0283375 12.3351369
28.2151072 12.5417503 6.9475933 12.5795096
44.0231582 11.6614393 5.9743945 12.8308987
42.8584097 10.8625515 6.2167006 9.6463073
41.8853617 10.3084427 6.5458228 6.4767685
40.9722144 9.9211034 6.8756902 4.2731476
40.0581350 9.6231413 7.1919165 2.8321058
39.1266290 9.3732141 7.4928702 1.8658192
38.1761473 9.1512830 7.7789501 1.2101180
37.2097249 8.9466270 8.0516493 0.7645494
36.2312780 8.7530437 8.3129632 0.4646997
35.2443501 8.5666937 8.5650537 0.2676100
34.2517748 8.3850546 8.8100599 0.1407753
33.2555976 8.2064883 9.0497924 0.0135767
32.2559561 8.0316045 9.2822720 -0.1853218
31.2512370 7.8635024 9.5003383 -0.5131363
30.2388053 7.7076163 9.6916052 -0.9875714
29.2165054 7.5708304 9.8410695 -1.5488569
28.1848089 7.4593145 9.9376661 -2.0669223
