0.0000000 0.0000000 30.0000000 42.4264069 42.4264069 0.2670131
0.0000000 -0.9999891 29.0000458 41.0760663 40.9486479 0.3161372
-0.0015534 -1.9999727 28.0001884 39.7330458 39.4643582 0.3780741
-0.0049459 -2.9999452 27.0004770 38.3991769 37.9720929 0.4576540
-0.0105379 -3.9998977 26.0009882 37.0770148 36.4698971 0.5623138
-0.0187920 -4.9998154 25.0018453 35.7702553 34.9550387 0.7039259
-0.0303169 -5.9996735 24.0032551 34.4844611 33.4235703 0.9027361
-0.0459355 -6.9994274 23.0055839 33.2284845 31.8695030 1.1955538
-0.0668024 -7.9989919 22.0095295 32.0173819 30.2832384 1.6557511
-0.0946151 -8.9981874 21.0165562 30.8791575 28.6482480 2.4472071
-0.1320316 -9.9965745 20.0301814 29.8725291 26.9334446 3.9944740
-0.1835760 -10.9928128 19.0606490 29.1431861 25.0738935 7.5830627
-0.2577665 -11.9812871 18.1468717 29.1459315 22.9245128 14.0715171
-0.3728436 -12.9444297 17.4026385 30.8704063 20.4621018 16.7220082
-0.5631588 -13.8830417 16.8502902 33.3499039 18.2593984 16.4143657
-0.8430653 -14.8005381 16.4364494 31.5888613 16.4672212 15.9814890
-1.2089520 -15.6895387 16.1534204 30.1656948 14.9937233 15.6676248
-1.6555761 -16.5425314 16.0101934 28.9992288 13.7683593 15.5037160
-2.1775887 -17.3525024 16.0308925 28.0366158 12.7448705 15.5275863
-2.7696252 -18.1126526 16.2624982 27.2464378 11.8943597 15.7902043
-3.4262870 -18.8160361 16.7913461 26.6161702 11.2018327 16.3547254
-4.1420078 -19.4551406 17.7791198 26.1535870 10.6654027 17.2531891
-4.9109060 -20.0215565 19.5426167 25.8908860 10.2973325 18.1621921
-5.7278870 -20.5067166 22.6841763 25.8728756 10.1193720 18.2077424
-6.5906301 -20.9042603 24.7229902 26.0985569 10.1406266 18.2077424
-7.4900868 -21.2097834 23.0819900 26.6063916 10.3899088 18.2077424
-8.4164730 -21.4199624 21.7366328 27.4632825 10.9173999 18.2077424
-9.3597118 -21.5325110 20.6424332 28.7779098 11.8058737 18.2077424
-10.3095430 -21.5462050 19.7703439 30.7304733 13.1936563 18.1961095
-11.2556976 -21.4608897 19.1034252 33.6310615 15.3208872 18.0373472
-12.1886774 -21.2773862 18.6302690 38.0032043 18.6110422 17.8222423
-13.0988398 -20.9982288 18.3481311 44.9365886 18.2404768 17.6578554
-13.9765782 -20.6273315 18.2694427 57.1250703 16.6935885 17.6075291
-14.8125500 -20.1694584 18.4279270 64.1551528 15.4462370 17.7069298
-15.5976595 -19.6299244 18.8886169 67.2782609 14.4506025 17.9495253
-16.3230358 -19.0144125 19.7646906 71.6917843 13.6800257 18.1955337
-16.9804236 -18.3286032 21.2359983 77.9130269 13.1226723 18.2077424
-17.5628160 -17.5781461 23.5788499 103.4548812 12.7728880 18.2077424
-18.0638774 -16.7711120 27.3691172 79.4957937 12.6348367 18.2077424
-18.4781575 -15.9162794 33.8860847 76.4891016 12.7256207 18.2077424
-18.8011497 -15.0229470 46.6193770 74.3682093 13.0787635 18.2077424
-19.0293407 -14.1008323 57.2180613 73.0319076 13.7510539 18.2077424
-19.1602483 -13.1599657 60.5183583 72.0052613 14.8353691 18.2077424
-19.1924484 -12.2105818 65.2027955 65.1451619 16.4853301 18.2077424
-19.1255909 -11.2630076 71.8281649 59.9607572 18.9657397 18.2077424
-18.9604030 -10.3275507 90.5949009 55.9829732 22.7658369 18.2077424
-18.6986815 -9.4143867 72.6273436 52.9155927 28.8893781 18.2077424
-18.3432734 -8.5334487 69.7203437 50.5657515 39.7554221 18.0922131
-17.8977503 -7.6937644 67.6629063 48.8123151 50.6024421 -0.6975847
-17.3401716 -6.8637296 66.6915667 48.2829612 50.1713938 -0.8361629
-16.7859839 -6.0314658 65.7268832 47.7649033 49.7171521 -0.9353978
-16.2358660 -5.1965384 64.7676669 47.2568545 49.2461338 -0.9964617
-15.6903095 -4.3586449 63.8125889 46.7573114 48.7643711 -1.0267165
-15.1496243 -3.5176107 62.8604326 46.2648927 48.2765590 -1.0346459
-14.6139735 -2.6733642 61.9101909 45.7784607 47.7859549 -1.0274634
-14.0834128 -1.8259070 60.9610721 45.2971240 47.2946459 -1.0104044
-13.5579241 -0.9752891 60.0124617 44.8201871 46.8039020 -0.9871138
-13.0374408 -0.1215911 59.0638850 44.3471034 46.3144479 -0.9599778
-12.5218643 0.7350887 58.1149705 43.8774318 45.8266670 -0.9305450
-12.0110757 1.5946416 57.1654232 43.4108060 45.3407338 -0.8998254
-11.5049435 2.4569545 56.2150061 42.9469144 44.8566957 -0.8685308
-11.0033280 3.3219124 55.2635302 42.4854893 44.3745185 -0.8370580
-10.5060852 4.1894008 54.3108401 42.0262921 43.8941297 -0.8057243
-10.0130687 5.0593072 53.3568111 41.5691111 43.4154298 -0.7747244
-9.5241316 5.9315214 52.4013430 41.1137552 42.9383084 -0.7441984
-9.0391271 6.8059366 51.4443569 40.6600514 42.4626504 -0.7142335
-8.5579098 7.6824493 50.4857917 40.2078419 41.9883423 -0.6849122
-8.0803356 8.5609594 49.5256033 39.7569837 41.5152719 -0.6562496
-7.6062629 9.4413706 48.5637598 39.3073442 41.0433357 -0.6283186
-7.1355523 10.3235901 47.6002444 38.8588048 40.5724315 -0.6010459
-6.6680673 11.2075289 46.6350456 38.4112507 40.1024731 -0.5745117
-6.2036738 12.0931011 45.6681658 37.9645808 39.6333742 -0.5486743
-5.7422407 12.9802244 44.6996131 37.5186991 39.1650597 -0.5235737
-5.2836398 13.8688198 43.7294055 37.0735201 38.6974574 -0.4992013
-4.8277460 14.7588113 42.7575672 36.6289647 38.2305019 -0.4755450
-4.3744372 15.6501262 41.7841277 36.1849602 37.7641345 -0.4526313
-3.9235945 16.5426947 40.8091235 35.7414418 37.2982991 -0.4304067
-3.4751025 17.4364499 39.8325929 35.2983477 36.8329486 -0.4089220
-3.0288486 18.3313278 38.8545810 34.8556250 36.3680362 -0.3881097
-2.5847237 19.2272671 37.8751332 34.4132219 35.9035237 -0.3680006
-2.1426219 20.1242090 36.8942994 33.9710937 35.4393741 -0.3485558
-1.7024404 21.0220973 35.9121299 33.5291982 34.9755562 -0.3297772
-1.2640798 21.9208780 34.9286778 33.0874975 34.5120415 -0.3116473
-0.8274435 22.8204997 33.9439967 32.6459569 34.0488048 -0.2941483
-0.3924384 23.7209130 32.9581409 32.2045447 33.5858245 -0.2772749
0.0410259 24.6220708 31.9711653 31.7632323 33.1230808 -0.2609952
0.4730366 25.5239278 30.9831244 31.3219927 32.6605580 -0.2453133
0.9036779 26.4264408 29.9940730 30.8808024 32.1982414 -0.2302009
1.3330311 27.3295685 29.0040652 30.4396389 31.7361190 -0.2156518
1.7611749 28.2332713 28.0131545 29.9984825 31.2741806 -0.2016480
2.1881850 29.1375113 27.0213936 29.5573146 30.8124177 -0.1881674
2.6141343 30.0422524 26.0288339 29.1161182 30.3508239 -0.1752130
3.0390932 30.9474599 25.0355263 28.0409237 29.8893930 -0.7777896
3.4630921 31.8530208 24.0644632 26.8503061 29.3904043 -2.2393462
3.8827071 32.7598816 23.1478344 25.5452707 28.8045215 -4.8655668
4.2893160 33.6695382 22.3381449 24.0736826 28.0806124 -8.2569294
4.6674600 34.5840777 21.6977258 22.4692002 27.2244349 -10.8202705
4.9988894 35.5086925 21.2432131 20.8859088 26.3344909 -12.3952701
5.2702734 36.4469217 20.9783568 19.4325918 25.4901905 -13.1395325
5.4732318 37.3993565 20.8987085 18.1562233 24.7306168 -13.5431199
5.6032192 38.3628213 21.0208390 17.0592107 24.0648207 -13.8593346
5.6575297 39.3321878 60.6852351 16.1325665 23.4945940 -14.1221319
5.6342930 40.3016872 60.0313454 15.3684487 23.0217357 -14.2947587
5.5323618 41.2653496 59.7856123 14.7612931 22.6474499 -14.4212051
5.3515658 42.2168157 42.4214234 14.3083006 22.3750822 -14.5122201
5.0925131 43.1496062 31.9541854 14.0106853 22.2108859 -14.5755317
4.7565471 44.0572383 25.3343573 13.8745466 22.1652731 -14.6165877
4.3457049 44.9333253 20.7230426 13.9120260 22.2545080 -14.5915610
3.8625704 45.7718442 17.3111390 14.1407781 22.4979287 -12.8555951
3.3066286 46.5727342 16.2745999 25.8522073 22.7043965 4.9403134
2.6793776 47.3467755 15.2906356 25.0253687 20.7436895 8.3631174
2.0788045 48.1330054 14.3476688 21.7135397 18.5952408 4.4713936
1.5127462 48.9536758 13.7545007 21.7736484 16.9421598 10.2699190
0.9752943 49.7779086 14.0785094 19.0419894 15.0184982 7.4122214
0.4839776 50.6392826 14.1681288 18.0788475 13.4376427 9.6304162
0.0327817 51.5158872 14.8097717 16.6803450 11.8946608 10.1180950
-0.3682345 52.4149552 15.9462432 15.4640321 10.4834112 8.8299052
-0.7172208 53.3394258 17.3297126 14.6697150 9.2288055 11.9853995
-1.0154148 54.2710677 20.9276278 13.5344801 8.0283375 12.3351369
-1.2480984 55.2198673 28.2151072 12.5417503 6.9475933 12.5795096
-1.4124724 56.1819208 44.0231582 11.6614393 5.9743945 12.8308987
-1.5064764 57.1524084 42.8584097 10.8625515 6.2167006 9.6463073
-1.5286258 58.1380205 41.8853617 10.3084427 6.5458228 6.4767685
-1.4954298 59.1310835 40.9722144 9.9211034 6.8756902 4.2731476
-1.4246624 60.1257895 40.0581350 9.6231413 7.1919165 2.8321058
-1.3290620 61.1199823 39.1266290 9.3732141 7.4928702 1.8658192
-1.2170230 62.1131525 38.1761473 9.1512830 7.7789501 1.2101180
-1.0941739 63.1053532 37.2097249 8.9466270 8.0516493 0.7645494
-0.9643257 64.0967973 36.2312780 8.7530437 8.3129632 0.4646997
-0.8300615 65.0877097 35.2443501 8.5666937 8.5650537 0.2676100
-0.6931158 66.0782772 34.2517748 8.3850546 8.8100599 0.1407753
-0.5546271 67.0686382 33.2555976 8.2064883 9.0497924 0.0135767
-0.4153268 68.0588883 32.2559561 8.0316045 9.2822720 -0.1853218
-0.2759491 69.0491223 31.2512370 7.8635024 9.5003383 -0.5131363
-0.1376439 70.0394715 30.2388053 7.7076163 9.6916052 -0.9875714
-0.0023104 71.0301217 29.2165054 7.5708304 9.8410695 -1.5488569
0.1273013 72.0213180 28.1848089 7.4593145 9.9376661 -2.0669223
